FF 0005
FF 0006
FF 0007
FF 0008
FF 0009
FF 0010

start:
00 0001 0000 
00 0005 0000 

00 0001 0000 
A 0001 0001 0000
00 0006 0000 

00 0001 0000 
C 0001 0001 0000
D 0001 0001 0000
00 0007 0000 

00 0001 0000 
00 0008 0000 

00 0001 0000 
00 0009 0000 

CC 0000 0000 
E2 else

00 0001 0000 
A 0001 0001 0000
00 0008 0000 
E0 if

else:
00 0001 0000 
B 0001 0001 0000
00 0008 0000 

if:
00 0001 0000 
CC 0001 0000 
E2 end_while

while:
print y
print \n
print x
print \n

E0 end_if

end:
A 0001 0002 0000
B 0001 0002 0000
C 0001 0002 0000
D 0001 0002 0000

AA 0001 0002 0003 0000
AB 0001 0002 0003 0000
AC 0001 0002 0003 0000
AD 0001 0002 0003 0000
BA 0001 0002 0003 0000
BB 0001 0002 0003 0000
BC 0001 0002 0003 0000
BD 0001 0002 0003 0000
CA 0001 0002 0003 0000
CB 0001 0002 0003 0000
CC 0001 0002 0003 0000
CD 0001 0002 0003 0000
DA 0001 0002 0003 0000
DB 0001 0002 0003 0000
DC 0001 0002 0003 0000
DD 0001 0002 0003 0000




